0
5
8
9
12
14
18
30
32
34
41
43
44
45
48
53
63
64
66
70
71
74
78
80
83
85
92
93
105
110
114
116
117
118
119
123
124
127
130
133
134
141
142
147
151
161
164
167
170
171
175
177
178
180
183
184
190
192
196
197
201
202
205
207
208
211
214
218
219
228
232
241
244
248
254
255
260
268
277
278
279
282
301
303
305
321
340
342
347
358
368
369
385
387
389
390
396
398
405
416
419
426
427
429
432
438
440
441
445
452
455
457
463
464
465
467
469
473
474
506
507
514
517
524
525
528
531
534
549
550
552
569
571
575
583
585
587
588
590
593
597
602
614
615
621
622
624
631
649
654
655
656
657
658
663
664
665
666
677
680
687
689
692
699
703
705
707
708
710
713
719
722
724
741
742
745
747
751
752
753
754
760
761
768
776
778
779
781
783
787
797
814
817
821
823
838
839
845
858
867
873
884
885
888
889
890
891
903
904
918
921
928
932
936
937
940
943
945
946
951
952
953
954
956
960
964
967
976
980
983
996
997
999
1000
1001
1002
1012
1015
1017
1019
1020
1038
1039
1041
1048
1053
1056
1057
1059
1066
1067
1075
1077
1080
1082
1089
1090
1093
1095
1099
1103
1107
1120
1127
1132
1134
1136
1140
1144
1145
1146
1148
1150
1155
1160
1163
1164
1165
1169
1172
1176
1180
1183
1185
1186
1189
1196
1204
1207
1225
1230
1238
1244
1246
1257
1261
1273
1275
1277
1280
1292
1294
1295
1296
1300
1301
1306
1309
1310
1311
1315
1323
1326
1327
1351
1365
1375
1378
1380
1382
1384
1392
1399
1404
1431
1433
1437
1438
1445
1446
1448
1449
1451
1456
1460
1463
1466
1477
1479
1483
1491
1493
1507
1515
1521
1522
1550
1553
1556
1557
1563
1572
1583
1586
1593
1601
1611
1612
1613
1614
1622
1631
1634
1658
1673
1674
1675
1676
1683
1687
1693
1696
1697
1701
1710
1714
